NAME	= Calculation
DESCRIPTION	= 
UNIT	= 
DATAFORMAT	= FLOAT
DATAFILE_OFFSET	= 0
BYTEORDER_BIG	= FALSE
TOPTOBOTTOM	= FALSE
POSITION_XMIN	= 1293549.7344900002
POSITION_YMIN	= 469436.4123730088
CELLCOUNT_X	= 730
CELLCOUNT_Y	= 369
CELLSIZE	= 9.5721800000
Z_FACTOR	= 1.000000
Z_OFFSET	= 0.000000
NODATA_VALUE	= -99999.000000
