NAME	= dtmcT1
DESCRIPTION	= 
UNIT	= 
DATAFORMAT	= FLOAT
DATAFILE_OFFSET	= 0
BYTEORDER_BIG	= FALSE
TOPTOBOTTOM	= FALSE
POSITION_XMIN	= 1297116.0885016969
POSITION_YMIN	= 470401.3261481736
CELLCOUNT_X	= 57
CELLCOUNT_Y	= 129
CELLSIZE	= 9.9983045610
Z_FACTOR	= 1.000000
Z_OFFSET	= 0.000000
NODATA_VALUE	= -9999.000000
